901002012183063628390
Deposito
10.00
901002012193925619810
Deposito
10.00
901002012133288113362
Deposito
10.00
901002035148648158558
Deposito
10.00
901002012183063628390
Extraccion
10.00
901002012193925619810
Extraccion
10.00
901002012133288113362
Extraccion
10.00
901002035148648158558
Extraccion
10.00
901002035148648158558
Prestamo
100000.0,15,3
901002012183063628390
Transferencia
1.0,901002012193925619810
901002012183063628390
Transferencia
2.0,901002012193925619810
901002012149244868552
Deposito
10.0
901002012133288113362
Deposito
5.0
901002012133288113362
Deposito
5.0
901002012193925619810
Deposito
1.0
901002012183063628390
Deposito
1.0
901002012193925619810
Deposito
1.0
901002012193925619810
Deposito
1.0
901002012193925619810
Deposito
2.0
901002012183063628390
Deposito
1.0
901002012183063628390
Deposito
1.0
901002012136149596768
Deposito
10.0
901002012136149596768
Extraccion
10.0
901002012136149596768
Extraccion
1.0
901002012136149596768
Prestamo
10000.0,10,3
901002012136149596768
Prestamo
10000.0,10,5
901002035148648158558
Transferencia
20.0,901002012183063628390
901002012136149596768
Transferencia
100.0,901002012149244868552
90100201219298269431
Deposito
50.0
90100201219298269431
Extraccion
100.0
90100201219298269431
Prestamo
1000.0,1,5
90100201219298269431
Transferencia
900.0,901002012136149596768
901002012143176107553
Deposito
400.0
901002012143176107553
Extraccion
30.0
901002012143176107553
Prestamo
10000.0,10,5