901002012183063628390
901002012193925619810
901002012133288113362
901002035148648158558
901002012149244868552
901002012136149596768
90100201219298269431
901002041198662139165
901002012143176107553

	0.0		3.0		0.0		0.0		0.0		0.0		0.0		0.0		0.0	
	0.0		0.0		0.0		0.0		0.0		0.0		0.0		0.0		0.0	
	0.0		0.0		0.0		0.0		0.0		0.0		0.0		0.0		0.0	
	20.0		0.0		0.0		0.0		0.0		0.0		0.0		0.0		0.0	
	0.0		0.0		0.0		0.0		0.0		0.0		0.0		0.0		0.0	
	0.0		0.0		0.0		0.0		100.0		0.0		0.0		0.0		0.0	
	0.0		0.0		0.0		0.0		0.0		900.0		0.0		0.0		0.0	
	0.0		0.0		0.0		0.0		0.0		0.0		0.0		0.0		0.0	
	0.0		0.0		0.0		0.0		0.0		0.0		0.0		0.0		0.0	
